[system variables]
J = 0.224
D = 0.2533333333333333 -0.0 -0.0 -0.0 0.2533333333333333 -0.0 -0.0 -0.0 -0.5066666666666666
kS = 1.0
kT = 1.0
[electron 1]
g = 2.0023193
I = 3 2 2 2 2 2 2 2 2 2 3
N_I = 1 1 1 1 1 1 1 1 1 1 1
A1 = 0.5141406139911681 0.0 0.0 0.0 0.5141406139911681 0.0 0.0 0.0 0.5141406139911681
A2 = -0.13706792618414612 -0.0 -0.0 -0.0 -0.13706792618414612 -0.0 -0.0 -0.0 -0.13706792618414612
A3 = -0.13706792618414612 -0.0 -0.0 -0.0 -0.13706792618414612 -0.0 -0.0 -0.0 -0.13706792618414612
A4 = -0.13706792618414612 -0.0 -0.0 -0.0 -0.13706792618414612 -0.0 -0.0 -0.0 -0.13706792618414612
A5 = -0.44033852832217035 -0.0 -0.0 -0.0 -0.44033852832217035 -0.0 -0.0 -0.0 -0.44033852832217035
A6 = 0.4546400686867858 0.0 0.0 0.0 0.4546400686867858 0.0 0.0 0.0 0.4546400686867858
A7 = 0.4546400686867858 0.0 0.0 0.0 0.4546400686867858 0.0 0.0 0.0 0.4546400686867858
A8 = 0.4546400686867858 0.0 0.0 0.0 0.4546400686867858 0.0 0.0 0.0 0.4546400686867858
A9 = 0.4262605982027767 0.0 0.0 0.0 0.4262605982027767 0.0 0.0 0.0 0.4262605982027767
A10 = 0.4233203613613487 0.0 0.0 0.0 0.4233203613613487 0.0 0.0 0.0 0.4233203613613487
A11 = 0.1784350286060594 0.0 0.0 0.0 0.1784350286060594 0.0 0.0 0.0 0.1784350286060594
[electron 2]
g = 2.0023193
I = 2 3 3 2 2 2 2
N_I = 1 1 1 1 1 1 1
A1 = 1.6045 0.0 0.0 0.0 1.6045 0.0 0.0 0.0 1.6045
A2 = 0.32156666666666667 0.0 0.0 0.0 0.32156666666666667 0.0 0.0 0.0 0.32156666666666667
A3 = 0.1465 0.0 0.0 0.0 0.1465 0.0 0.0 0.0 0.1465
A4 = -0.278 -0.0 -0.0 -0.0 -0.278 -0.0 -0.0 -0.0 -0.278
A5 = -0.3634 -0.0 -0.0 -0.0 -0.3634 -0.0 -0.0 -0.0 -0.3634
A6 = -0.4879 -0.0 -0.0 -0.0 -0.4879 -0.0 -0.0 -0.0 -0.4879
A7 = -0.5983 -0.0 -0.0 -0.0 -0.5983 -0.0 -0.0 -0.0 -0.5983
[simulation parameters]
simulation_type = SC
output_folder = out
seed = 42 99
B = 0.05
initial_state = singlet
simulation_time = 201.0
dt = 1.0
N_samples = 10000000
